32 32
    0     0   -0.00011    0.00020
    0     1    0.00104   -0.00134
    0     2    0.00217   -0.00487
    0     3    0.00281   -0.00971
    0     4    0.00291   -0.01495
    0     5    0.00260   -0.01983
    0     6    0.00205   -0.02386
    0     7    0.00141   -0.02680
    0     8    0.00079   -0.02861
    0     9    0.00022   -0.02938
    0    10   -0.00026   -0.02923
    0    11   -0.00065   -0.02833
    0    12   -0.00094   -0.02682
    0    13   -0.00115   -0.02487
    0    14   -0.00129   -0.02261
    0    15   -0.00137   -0.02016
    0    16   -0.00139   -0.01762
    0    17   -0.00137   -0.01508
    0    18   -0.00130   -0.01262
    0    19   -0.00121   -0.01030
    0    20   -0.00109   -0.00817
    0    21   -0.00096   -0.00626
    0    22   -0.00082   -0.00460
    0    23   -0.00067   -0.00319
    0    24   -0.00053   -0.00204
    0    25   -0.00039   -0.00115
    0    26   -0.00026   -0.00049
    0    27   -0.00014   -0.00006
    0    28   -0.00004    0.00018
    0    29    0.00004    0.00025
    0    30    0.00009    0.00020
    0    31    0.00008    0.00008
    1     0    0.00134   -0.00093
    1     1    0.00507   -0.00535
    1     2    0.00837   -0.01291
    1     3    0.01008   -0.02220
    1     4    0.01012   -0.03170
    1     5    0.00891   -0.04024
    1     6    0.00697   -0.04709
    1     7    0.00476   -0.05196
    1     8    0.00258   -0.05485
    1     9    0.00062   -0.05590
    1    10   -0.00106   -0.05537
    1    11   -0.00241   -0.05352
    1    12   -0.00345   -0.05065
    1    13   -0.00421   -0.04701
    1    14   -0.00472   -0.04282
    1    15   -0.00499   -0.03831
    1    16   -0.00508   -0.03364
    1    17   -0.00499   -0.02898
    1    18   -0.00478   -0.02446
    1    19   -0.00445   -0.02019
    1    20   -0.00404   -0.01625
    1    21   -0.00357   -0.01270
    1    22   -0.00307   -0.00958
    1    23   -0.00256   -0.00692
    1    24   -0.00204   -0.00473
    1    25   -0.00155   -0.00298
    1    26   -0.00109   -0.00167
    1    27   -0.00067   -0.00075
    1    28   -0.00031   -0.00017
    1    29   -0.00002    0.00010
    1    30    0.00016    0.00016
    1    31    0.00020    0.00009
    2     0    0.00524   -0.00263
    2     1    0.01302   -0.01108
    2     2    0.01902   -0.02359
    2     3    0.02161   -0.03762
    2     4    0.02094   -0.05103
    2     5    0.01798   -0.06243
    2     6    0.01378   -0.07115
    2     7    0.00917   -0.07700
    2     8    0.00472   -0.08014
    2     9    0.00074   -0.08086
    2    10   -0.00263   -0.07953
    2    11   -0.00536   -0.07654
    2    12   -0.00746   -0.07224
    2    13   -0.00898   -0.06697
    2    14   -0.00999   -0.06103
    2    15   -0.01055   -0.05468
    2    16   -0.01071   -0.04817
    2    17   -0.01054   -0.04168
    2    18   -0.01010   -0.03539
    2    19   -0.00942   -0.02943
    2    20   -0.00858   -0.02393
    2    21   -0.00762   -0.01896
    2    22   -0.00659   -0.01458
    2    23   -0.00553   -0.01082
    2    24   -0.00447   -0.00768
    2    25   -0.00345   -0.00515
    2    26   -0.00250   -0.00319
    2    27   -0.00163   -0.00177
    2    28   -0.00089   -0.00081
    2    29   -0.00029   -0.00025
    2    30    0.00011   -0.00000
    2    31    0.00025    0.00004
    3     0    0.01242   -0.00503
    3     1    0.02603   -0.01908
    3     2    0.03491   -0.03784
    3     3    0.03752   -0.05711
    3     4    0.03493   -0.07414
    3     5    0.02902   -0.08762
    3     6    0.02154   -0.09717
    3     7    0.01375   -0.10298
    3     8    0.00644   -0.10547
    3     9    0.00001   -0.10515
    3    10   -0.00538   -0.10252
    3    11   -0.00970   -0.09804
    3    12   -0.01302   -0.09214
    3    13   -0.01542   -0.08520
    3    14   -0.01700   -0.07756
    3    15   -0.01786   -0.06950
    3    16   -0.01808   -0.06130
    3    17   -0.01778   -0.05317
    3    18   -0.01702   -0.04531
    3    19   -0.01590   -0.03789
    3    20   -0.01451   -0.03103
    3    21   -0.01292   -0.02482
    3    22   -0.01122   -0.01933
    3    23   -0.00946   -0.01459
    3    24   -0.00772   -0.01061
    3    25   -0.00604   -0.00736
    3    26   -0.00447   -0.00482
    3    27   -0.00305   -0.00291
    3    28   -0.00182   -0.00156
    3    29   -0.00083   -0.00070
    3    30   -0.00013   -0.00022
    3    31    0.00019   -0.00003
    4     0    0.02432   -0.00900
    4     1    0.04583   -0.03126
    4     2    0.05705   -0.05795
    4     3    0.05791   -0.08275
    4     4    0.05145   -0.10268
    4     5    0.04101   -0.11700
    4     6    0.02914   -0.12605
    4     7    0.01748   -0.13060
    4     8    0.00689   -0.13143
    4     9   -0.00222   -0.12928
    4    10   -0.00975   -0.12477
    4    11   -0.01573   -0.11843
    4    12   -0.02030   -0.11070
    4    13   -0.02357   -0.10199
    4    14   -0.02570   -0.09263
    4    15   -0.02681   -0.08291
    4    16   -0.02705   -0.07312
    4    17   -0.02653   -0.06348
    4    18   -0.02537   -0.05421
    4    19   -0.02371   -0.04547
    4    20   -0.02165   -0.03739
    4    21   -0.01932   -0.03009
    4    22   -0.01682   -0.02363
    4    23   -0.01425   -0.01803
    4    24   -0.01169   -0.01331
    4    25   -0.00924   -0.00943
    4    26   -0.00695   -0.00636
    4    27   -0.00489   -0.00401
    4    28   -0.00310   -0.00230
    4    29   -0.00164   -0.00115
    4    30   -0.00057   -0.00044
    4    31    0.00002   -0.00009
    5     0    0.04368   -0.01679
    5     1    0.07499   -0.05164
    5     2    0.08640   -0.08793
    5     3    0.08225   -0.11757
    5     4    0.06918   -0.13857
    5     5    0.05239   -0.15167
    5     6    0.03514   -0.15837
    5     7    0.01912   -0.16014
    5     8    0.00512   -0.15818
    5     9   -0.00665   -0.15338
    5    10   -0.01623   -0.14643
    5    11   -0.02376   -0.13786
    5    12   -0.02946   -0.12809
    5    13   -0.03350   -0.11749
    5    14   -0.03608   -0.10637
    5    15   -0.03737   -0.09502
    5    16   -0.03751   -0.08370
    5    17   -0.03669   -0.07264
    5    18   -0.03504   -0.06205
    5    19   -0.03272   -0.05211
    5    20   -0.02989   -0.04294
    5    21   -0.02669   -0.03466
    5    22   -0.02328   -0.02734
    5    23   -0.01978   -0.02099
    5    24   -0.01631   -0.01563
    5    25   -0.01299   -0.01121
    5    26   -0.00989   -0.00768
    5    27   -0.00710   -0.00496
    5    28   -0.00468   -0.00294
    5    29   -0.00269   -0.00154
    5    30   -0.00118   -0.00064
    5    31   -0.00025   -0.00015
    6     0    0.07596   -0.03438
    6     1    0.11697   -0.08817
    6     2    0.12298   -0.13399
    6     3    0.10855   -0.16525
    6     4    0.08554   -0.18354
    6     5    0.06081   -0.19217
    6     6    0.03762   -0.19408
    6     7    0.01729   -0.19137
    6     8    0.00013   -0.18545
    6     9   -0.01397   -0.17724
    6    10   -0.02527   -0.16737
    6    11   -0.03407   -0.15628
    6    12   -0.04066   -0.14430
    6    13   -0.04529   -0.13173
    6    14   -0.04817   -0.11884
    6    15   -0.04948   -0.10588
    6    16   -0.04943   -0.09308
    6    17   -0.04817   -0.08066
    6    18   -0.04591   -0.06883
    6    19   -0.04282   -0.05777
    6    20   -0.03910   -0.04761
    6    21   -0.03493   -0.03845
    6    22   -0.03049   -0.03037
    6    23   -0.02595   -0.02338
    6    24   -0.02147   -0.01747
    6    25   -0.01719   -0.01260
    6    26   -0.01321   -0.00870
    6    27   -0.00963   -0.00568
    6    28   -0.00652   -0.00342
    6    29   -0.00394   -0.00183
    6    30   -0.00195   -0.00078
    6    31   -0.00061   -0.00019
    7     0    0.13186   -0.07802
    7     1    0.17460   -0.15557
    7     2    0.16348   -0.20433
    7     3    0.13180   -0.22902
    7     4    0.09610   -0.23811
    7     5    0.06294   -0.23789
    7     6    0.03433   -0.23222
    7     7    0.01049   -0.22333
    7     8   -0.00901   -0.21246
    7     9   -0.02473   -0.20029
    7    10   -0.03719   -0.18719
    7    11   -0.04683   -0.17343
    7    12   -0.05400   -0.15919
    7    13   -0.05896   -0.14465
    7    14   -0.06194   -0.13002
    7    15   -0.06313   -0.11548
    7    16   -0.06273   -0.10125
    7    17   -0.06093   -0.08754
    7    18   -0.05793   -0.07454
    7    19   -0.05394   -0.06243
    7    20   -0.04920   -0.05135
    7    21   -0.04393   -0.04140
    7    22   -0.03835   -0.03265
    7    23   -0.03267   -0.02510
    7    24   -0.02709   -0.01875
    7    25   -0.02175   -0.01353
    7    26   -0.01682   -0.00936
    7    27   -0.01238   -0.00612
    7    28   -0.00853   -0.00371
    7    29   -0.00533   -0.00199
    7    30   -0.00282   -0.00086
    7    31   -0.00103   -0.00021
    8     0    0.23153   -0.19195
    8     1    0.24329   -0.27659
    8     2    0.19643   -0.30567
    8     3    0.14233   -0.30868
    8     4    0.09441   -0.29994
    8     5    0.05491   -0.28620
    8     6    0.02306   -0.27055
    8     7   -0.00247   -0.25430
    8     8   -0.02292   -0.23795
    8     9   -0.03924   -0.22162
    8    10   -0.05212   -0.20529
    8    11   -0.06208   -0.18892
    8    12   -0.06944   -0.17251
    8    13   -0.07446   -0.15611
    8    14   -0.07734   -0.13982
    8    15   -0.07825   -0.12380
    8    16   -0.07737   -0.10821
    8    17   -0.07488   -0.09327
    8    18   -0.07102   -0.07916
    8    19   -0.06601   -0.06607
    8    20   -0.06013   -0.05414
    8    21   -0.05363   -0.04347
    8    22   -0.04679   -0.03413
    8    23   -0.03985   -0.02613
    8    24   -0.03305   -0.01942
    8    25   -0.02658   -0.01395
    8    26   -0.02062   -0.00960
    8    27   -0.01527   -0.00626
    8    28   -0.01065   -0.00378
    8    29   -0.00679   -0.00203
    8    30   -0.00373   -0.00087
    8    31   -0.00147   -0.00022
    9     0    0.40844   -0.49352
    9     1    0.28832   -0.46697
    9     2    0.19557   -0.43172
    9     3    0.12607   -0.39555
    9     4    0.07362   -0.36198
    9     5    0.03355   -0.33203
    9     6    0.00243   -0.30553
    9     7   -0.02211   -0.28185
    9     8   -0.04169   -0.26027
    9     9   -0.05739   -0.24013
    9    10   -0.06989   -0.22093
    9    11   -0.07961   -0.20229
    9    12   -0.08681   -0.18399
    9    13   -0.09165   -0.16595
    9    14   -0.09425   -0.14818
    9    15   -0.09474   -0.13079
    9    16   -0.09326   -0.11394
    9    17   -0.08998   -0.09784
    9    18   -0.08512   -0.08269
    9    19   -0.07897   -0.06867
    9    20   -0.07180   -0.05595
    9    21   -0.06394   -0.04464
    9    22   -0.05570   -0.03479
    9    23   -0.04738   -0.02641
    9    24   -0.03926   -0.01945
    9    25   -0.03157   -0.01383
    9    26   -0.02451   -0.00941
    9    27   -0.01821   -0.00606
    9    28   -0.01277   -0.00361
    9    29   -0.00824   -0.00191
    9    30   -0.00463   -0.00081
    9    31   -0.00190   -0.00020
   10     0    0.19850   -0.78626
   10     1    0.18148   -0.64408
   10     2    0.12500   -0.54365
   10     3    0.07259   -0.46935
   10     4    0.03089   -0.41275
   10     5   -0.00154   -0.36851
   10     6   -0.02712   -0.33291
   10     7   -0.04773   -0.30328
   10     8   -0.06464   -0.27769
   10     9   -0.07857   -0.25473
   10    10   -0.08997   -0.23342
   10    11   -0.09901   -0.21310
   10    12   -0.10578   -0.19336
   10    13   -0.11028   -0.17401
   10    14   -0.11250   -0.15500
   10    15   -0.11249   -0.13642
   10    16   -0.11031   -0.11843
   10    17   -0.10614   -0.10125
   10    18   -0.10019   -0.08511
   10    19   -0.09275   -0.07022
   10    20   -0.08416   -0.05677
   10    21   -0.07479   -0.04488
   10    22   -0.06501   -0.03460
   10    23   -0.05519   -0.02593
   10    24   -0.04563   -0.01882
   10    25   -0.03662   -0.01315
   10    26   -0.02838   -0.00877
   10    27   -0.02107   -0.00552
   10    28   -0.01480   -0.00321
   10    29   -0.00959   -0.00165
   10    30   -0.00544   -0.00068
   10    31   -0.00229   -0.00016
   11     0    0.05252   -0.87724
   11     1    0.04571   -0.72709
   11     2    0.02084   -0.60347
   11     3   -0.00483   -0.51045
   11     4   -0.02722   -0.44141
   11     5   -0.04629   -0.38937
   11     6   -0.06279   -0.34895
   11     7   -0.07733   -0.31631
   11     8   -0.09025   -0.28878
   11     9   -0.10166   -0.26449
   11    10   -0.11152   -0.24218
   11    11   -0.11966   -0.22100
   11    12   -0.12589   -0.20042
   11    13   -0.13001   -0.18018
   11    14   -0.13185   -0.16024
   11    15   -0.13132   -0.14067
   11    16   -0.12843   -0.12166
   11    17   -0.12330   -0.10349
   11    18   -0.11615   -0.08643
   11    19   -0.10730   -0.07073
   11    20   -0.09714   -0.05659
   11    21   -0.08611   -0.04418
   11    22   -0.07464   -0.03355
   11    23   -0.06316   -0.02468
   11    24   -0.05205   -0.01752
   11    25   -0.04162   -0.01191
   11    26   -0.03214   -0.00768
   11    27   -0.02377   -0.00463
   11    28   -0.01664   -0.00256
   11    29   -0.01076   -0.00124
   11    30   -0.00611   -0.00047
   11    31   -0.00258   -0.00010
   12     0   -0.07441   -0.87684
   12     1   -0.09229   -0.72656
   12     2   -0.09164   -0.60321
   12     3   -0.08948   -0.51073
   12     4   -0.09019   -0.44241
   12     5   -0.09400   -0.39116
   12     6   -0.10017   -0.35153
   12     7   -0.10790   -0.31964
   12     8   -0.11645   -0.29275
   12     9   -0.12517   -0.26896
   12    10   -0.13347   -0.24694
   12    11   -0.14078   -0.22583
   12    12   -0.14659   -0.20509
   12    13   -0.15045   -0.18446
   12    14   -0.15202   -0.16391
   12    15   -0.15106   -0.14356
   12    16   -0.14749   -0.12369
   12    17   -0.14138   -0.10460
   12    18   -0.13296   -0.08666
   12    19   -0.12258   -0.07018
   12    20   -0.11070   -0.05541
   12    21   -0.09784   -0.04253
   12    22   -0.08451   -0.03162
   12    23   -0.07122   -0.02265
   12    24   -0.05841   -0.01553
   12    25   -0.04646   -0.01010
   12    26   -0.03565   -0.00613
   12    27   -0.02620   -0.00341
   12    28   -0.01819   -0.00167
   12    29   -0.01167   -0.00068
   12    30   -0.00658   -0.00019
   12    31   -0.00276   -0.00002
   13     0   -0.22092   -0.78519
   13     1   -0.22791   -0.64278
   13     2   -0.19498   -0.54318
   13     3   -0.16563   -0.47049
   13     4   -0.14680   -0.41597
   13     5   -0.13717   -0.37404
   13     6   -0.13431   -0.34078
   13     7   -0.13611   -0.31336
   13     8   -0.14093   -0.28967
   13     9   -0.14747   -0.26817
   13    10   -0.15465   -0.24776
   13    11   -0.16151   -0.22768
   13    12   -0.16726   -0.20746
   13    13   -0.17119   -0.18692
   13    14   -0.17275   -0.16609
   13    15   -0.17154   -0.14518
   13    16   -0.16739   -0.12454
   13    17   -0.16032   -0.10461
   13    18   -0.15057   -0.08582
   13    19   -0.13855   -0.06858
   13    20   -0.12479   -0.05322
   13    21   -0.10990   -0.03993
   13    22   -0.09453   -0.02882
   13    23   -0.07925   -0.01984
   13    24   -0.06460   -0.01288
   13    25   -0.05102   -0.00773
   13    26   -0.03882   -0.00415
   13    27   -0.02824   -0.00185
   13    28   -0.01937   -0.00056
   13    29   -0.01224    0.00002
   13    30   -0.00677    0.00015
   13    31   -0.00278    0.00008
   14     0   -0.43163   -0.49236
   14     1   -0.33430   -0.46577
   14     2   -0.26393   -0.43193
   14     3   -0.21669   -0.39829
   14     4   -0.18664   -0.36799
   14     5   -0.16918   -0.34171
   14     6   -0.16085   -0.31897
   14     7   -0.15901   -0.29887
   14     8   -0.16164   -0.28042
   14     9   -0.16708   -0.26272
   14    10   -0.17396   -0.24504
   14    11   -0.18108   -0.22682
   14    12   -0.18734   -0.20776
   14    13   -0.19183   -0.18775
   14    14   -0.19376   -0.16694
   14    15   -0.19261   -0.14564
   14    16   -0.18806   -0.12433
   14    17   -0.18010   -0.10358
   14    18   -0.16898   -0.08395
   14    19   -0.15518   -0.06597
   14    20   -0.13935   -0.05003
   14    21   -0.12224   -0.03639
   14    22   -0.10460   -0.02515
   14    23   -0.08716   -0.01626
   14    24   -0.07052   -0.00957
   14    25   -0.05519   -0.00484
   14    26   -0.04153   -0.00175
   14    27   -0.02979    0.00000
   14    28   -0.02007    0.00076
   14    29   -0.01238    0.00084
   14    30   -0.00663    0.00056
   14    31   -0.00261    0.00019
   15     0   -0.25514   -0.19141
   15     1   -0.28835   -0.27655
   15     2   -0.26247   -0.30763
   15     3   -0.22957   -0.31395
   15     4   -0.20337   -0.30948
   15     5   -0.18619   -0.30057
   15     6   -0.17715   -0.28994
   15     7   -0.17467   -0.27854
   15     8   -0.17708   -0.26650
   15     9   -0.18286   -0.25358
   15    10   -0.19054   -0.23943
   15    11   -0.19879   -0.22374
   15    12   -0.20633   -0.20633
   15    13   -0.21201   -0.18722
   15    14   -0.21486   -0.16666
   15    15   -0.21415   -0.14510
   15    16   -0.20945   -0.12316
   15    17   -0.20070   -0.10158
   15    18   -0.18818   -0.08108
   15    19   -0.17247   -0.06234
   15    20   -0.15437   -0.04584
   15    21   -0.13479   -0.03189
   15    22   -0.11465   -0.02062
   15    23   -0.09482   -0.01194
   15    24   -0.07603   -0.00566
   15    25   -0.05884   -0.00146
   15    26   -0.04366    0.00100
   15    27   -0.03075    0.00211
   15    28   -0.02021    0.00225
   15    29   -0.01204    0.00177
   15    30   -0.00612    0.00102
   15    31   -0.00222    0.00032
   16     0   -0.15507   -0.07833
   16     1   -0.21808   -0.15725
   16     2   -0.22653   -0.20877
   16     3   -0.21484   -0.23754
   16     4   -0.20002   -0.25178
   16     5   -0.18872   -0.25741
   16     6   -0.18288   -0.25790
   16     7   -0.18246   -0.25506
   16     8   -0.18660   -0.24966
   16     9   -0.19415   -0.24191
   16    10   -0.20381   -0.23174
   16    11   -0.21417   -0.21899
   16    12   -0.22386   -0.20360
   16    13   -0.23149   -0.18567
   16    14   -0.23589   -0.16552
   16    15   -0.23611   -0.14375
   16    16   -0.23158   -0.12117
   16    17   -0.22217   -0.09869
   16    18   -0.20822   -0.07726
   16    19   -0.19043   -0.05771
   16    20   -0.16980   -0.04065
   16    21   -0.14746   -0.02647
   16    22   -0.12456   -0.01526
   16    23   -0.10212   -0.00692
   16    24   -0.08100   -0.00118
   16    25   -0.06185    0.00234
   16    26   -0.04511    0.00406
   16    27   -0.03103    0.00443
   16    28   -0.01972    0.00386
   16    29   -0.01115    0.00276
   16    30   -0.00519    0.00150
   16    31   -0.00159    0.00047
   17     0   -0.09789   -0.03537
   17     1   -0.15792   -0.09154
   17     2   -0.18219   -0.14107
   17     3   -0.18656   -0.17729
   17     4   -0.18350   -0.20162
   17     5   -0.18006   -0.21708
   17     6   -0.17950   -0.22624
   17     7   -0.18291   -0.23074
   17     8   -0.19023   -0.23149
   17     9   -0.20078   -0.22882
   17    10   -0.21346   -0.22275
   17    11   -0.22692   -0.21318
   17    12   -0.23966   -0.20004
   17    13   -0.25010   -0.18345
   17    14   -0.25678   -0.16381
   17    15   -0.25850   -0.14183
   17    16   -0.25451   -0.11850
   17    17   -0.24461   -0.09501
   17    18   -0.22916   -0.07253
   17    19   -0.20908   -0.05209
   17    20   -0.18561   -0.03448
   17    21   -0.16018   -0.02012
   17    22   -0.13420   -0.00910
   17    23   -0.10890   -0.00127
   17    24   -0.08528    0.00376
   17    25   -0.06408    0.00645
   17    26   -0.04575    0.00731
   17    27   -0.03055    0.00684
   17    28   -0.01854    0.00552
   17    29   -0.00969    0.00377
   17    30   -0.00383    0.00200
   17    31   -0.00072    0.00061
   18     0   -0.06353   -0.01825
   18     1   -0.11238   -0.05644
   18     2   -0.14078   -0.09747
   18     3   -0.15429   -0.13306
   18     4   -0.16023   -0.16105
   18     5   -0.16410   -0.18196
   18     6   -0.16922   -0.19700
   18     7   -0.17720   -0.20721
   18     8   -0.18853   -0.21320
   18     9   -0.20290   -0.21520
   18    10   -0.21945   -0.21313
   18    11   -0.23689   -0.20680
   18    12   -0.25358   -0.19605
   18    13   -0.26773   -0.18092
   18    14   -0.27751   -0.16181
   18    15   -0.28141   -0.13954
   18    16   -0.27839   -0.11533
   18    17   -0.26815   -0.09061
   18    18   -0.25114   -0.06690
   18    19   -0.22848   -0.04548
   18    20   -0.20177   -0.02731
   18    21   -0.17284   -0.01286
   18    22   -0.14341   -0.00221
   18    23   -0.11498    0.00493
   18    24   -0.08871    0.00905
   18    25   -0.06540    0.01074
   18    26   -0.04550    0.01062
   18    27   -0.02924    0.00924
   18    28   -0.01665    0.00713
   18    29   -0.00763    0.00474
   18    30   -0.00203    0.00247
   18    31    0.00041    0.00074
   19     0   -0.04145   -0.01081
   19     1   -0.07869   -0.03724
   19     2   -0.10556   -0.06968
   19     3   -0.12299   -0.10142
   19     4   -0.13461   -0.12931
   19     5   -0.14411   -0.15245
   19     6   -0.15425   -0.17099
   19     7   -0.16671   -0.18526
   19     8   -0.18224   -0.19548
   19     9   -0.20085   -0.20161
   19    10   -0.22185   -0.20334
   19    11   -0.24401   -0.20026
   19    12   -0.26554   -0.19199
   19    13   -0.28434   -0.17840
   19    14   -0.29815   -0.15982
   19    15   -0.30498   -0.13714
   19    16   -0.30344   -0.11178
   19    17   -0.29303   -0.08557
   19    18   -0.27429   -0.06038
   19    19   -0.24867   -0.03786
   19    20   -0.21823   -0.01912
   19    21   -0.18528   -0.00473
   19    22   -0.15199    0.00534
   19    23   -0.12015    0.01153
   19    24   -0.09110    0.01451
   19    25   -0.06565    0.01502
   19    26   -0.04426    0.01380
   19    27   -0.02707    0.01147
   19    28   -0.01404    0.00858
   19    29   -0.00502    0.00558
   19    30    0.00017    0.00287
   19    31    0.00175    0.00086
   20     0   -0.02629   -0.00716
   20     1   -0.05350   -0.02610
   20     2   -0.07660   -0.05149
   20     3   -0.09467   -0.07862
   20     4   -0.10920   -0.10455
   20     5   -0.12242   -0.12787
   20     6   -0.13641   -0.14809
   20     7   -0.15271   -0.16505
   20     8   -0.17218   -0.17857
   20     9   -0.19503   -0.18828
   20    10   -0.22079   -0.19360
   20    11   -0.24824   -0.19379
   20    12   -0.27544   -0.18813
   20    13   -0.29990   -0.17619
   20    14   -0.31878   -0.15811
   20    15   -0.32945   -0.13483
   20    16   -0.32996   -0.10801
   20    17   -0.31955   -0.07993
   20    18   -0.29885   -0.05295
   20    19   -0.26974   -0.02915
   20    20   -0.23490   -0.00989
   20    21   -0.19730    0.00425
   20    22   -0.15967    0.01344
   20    23   -0.12415    0.01836
   20    24   -0.09220    0.01991
   20    25   -0.06469    0.01905
   20    26   -0.04195    0.01662
   20    27   -0.02402    0.01332
   20    28   -0.01075    0.00970
   20    29   -0.00192    0.00619
   20    30    0.00269    0.00314
   20    31    0.00328    0.00093
   21     0   -0.01535   -0.00508
   21     1   -0.03435   -0.01905
   21     2   -0.05305   -0.03893
   21     3   -0.06993   -0.06161
   21     4   -0.08535   -0.08479
   21     5   -0.10056   -0.10708
   21     6   -0.11707   -0.12772
   21     7   -0.13624   -0.14628
   21     8   -0.15901   -0.16230
   21     9   -0.18581   -0.17514
   21    10   -0.21634   -0.18390
   21    11   -0.24948   -0.18744
   21    12   -0.28315   -0.18459
   21    13   -0.31435   -0.17448
   21    14   -0.33951   -0.15694
   21    15   -0.35508   -0.13284
   21    16   -0.35834   -0.10415
   21    17   -0.34810   -0.07370
   21    18   -0.32508   -0.04453
   21    19   -0.29173   -0.01926
   21    20   -0.25163    0.00044
   21    21   -0.20861    0.01403
   21    22   -0.16610    0.02192
   21    23   -0.12662    0.02515
   21    24   -0.09179    0.02495
   21    25   -0.06236    0.02250
   21    26   -0.03853    0.01879
   21    27   -0.02015    0.01456
   21    28   -0.00690    0.01033
   21    29    0.00154    0.00645
   21    30    0.00542    0.00323
   21    31    0.00490    0.00095
   22     0   -0.00724   -0.00369
   22     1   -0.01965   -0.01411
   22     2   -0.03404   -0.02959
   22     3   -0.04881   -0.04821
   22     4   -0.06373   -0.06835
   22     5   -0.07949   -0.08888
   22     6   -0.09721   -0.10907
   22     7   -0.11813   -0.12840
   22     8   -0.14332   -0.14626
   22     9   -0.17343   -0.16186
   22    10   -0.20849   -0.17398
   22    11   -0.24754   -0.18108
   22    12   -0.28840   -0.18141
   22    13   -0.32755   -0.17347
   22    14   -0.36043   -0.15656
   22    15   -0.38224   -0.13140
   22    16   -0.38910   -0.10031
   22    17   -0.37917   -0.06685
   22    18   -0.35329   -0.03497
   22    19   -0.31470   -0.00804
   22    20   -0.26818    0.01194
   22    21   -0.21879    0.02452
   22    22   -0.17079    0.03056
   22    23   -0.12717    0.03157
   22    24   -0.08956    0.02924
   22    25   -0.05853    0.02501
   22    26   -0.03401    0.01999
   22    27   -0.01556    0.01492
   22    28   -0.00265    0.01025
   22    29    0.00517    0.00625
   22    30    0.00819    0.00307
   22    31    0.00651    0.00090
   23     0   -0.00124   -0.00262
   23     1   -0.00845   -0.01025
   23     2   -0.01894   -0.02207
   23     3   -0.03117   -0.03698
   23     4   -0.04468   -0.05397
   23     5   -0.05984   -0.07228
   23     6   -0.07756   -0.09135
   23     7   -0.09905   -0.11075
   23     8   -0.12555   -0.12990
   23     9   -0.15809   -0.14792
   23    10   -0.19712   -0.16342
   23    11   -0.24206   -0.17441
   23    12   -0.29077   -0.17848
   23    13   -0.33921   -0.17324
   23    14   -0.38158   -0.15721
   23    15   -0.41133   -0.13075
   23    16   -0.42288   -0.09660
   23    17   -0.41343   -0.05932
   23    18   -0.38389   -0.02408
   23    19   -0.33864    0.00474
   23    20   -0.28419    0.02469
   23    21   -0.22724    0.03561
   23    22   -0.17315    0.03902
   23    23   -0.12530    0.03717
   23    24   -0.08522    0.03229
   23    25   -0.05311    0.02612
   23    26   -0.02844    0.01983
   23    27   -0.01042    0.01412
   23    28    0.00177    0.00929
   23    29    0.00872    0.00545
   23    30    0.01077    0.00260
   23    31    0.00797    0.00074
   24     0    0.00301   -0.00171
   24     1   -0.00020   -0.00698
   24     2   -0.00732   -0.01558
   24     3   -0.01691   -0.02701
   24     4   -0.02843   -0.04079
   24     5   -0.04211   -0.05652
   24     6   -0.05874   -0.07392
   24     7   -0.07959   -0.09273
   24     8   -0.10615   -0.11258
   24     9   -0.13991   -0.13267
   24    10   -0.18200   -0.15156
   24    11   -0.23248   -0.16692
   24    12   -0.28957   -0.17554
   24    13   -0.34882   -0.17386
   24    14   -0.40292   -0.15917
   24    15   -0.44285   -0.13119
   24    16   -0.46054   -0.09315
   24    17   -0.45170   -0.05096
   24    18   -0.41734   -0.01152
   24    19   -0.36347    0.01939
   24    20   -0.29905    0.03879
   24    21   -0.23312    0.04706
   24    22   -0.17236    0.04682
   24    23   -0.12045    0.04136
   24    24   -0.07850    0.03353
   24    25   -0.04607    0.02535
   24    26   -0.02201    0.01797
   24    27   -0.00501    0.01192
   24    28    0.00602    0.00730
   24    29    0.01186    0.00399
   24    30    0.01290    0.00178
   24    31    0.00911    0.00048
   25     0    0.00574   -0.00088
   25     1    0.00542   -0.00405
   25     2    0.00109   -0.00972
   25     3   -0.00595   -0.01785
   25     4   -0.01517   -0.02836
   25     5   -0.02672   -0.04119
   25     6   -0.04135   -0.05636
   25     7   -0.06039   -0.07392
   25     8   -0.08561   -0.09377
   25     9   -0.11910   -0.11544
   25    10   -0.16287   -0.13763
   25    11   -0.21808   -0.15785
   25    12   -0.28382   -0.17212
   25    13   -0.35558   -0.17531
   25    14   -0.42425   -0.16277
   25    15   -0.47736   -0.13306
   25    16   -0.50312   -0.09004
   25    17   -0.49505   -0.04160
   25    18   -0.45424    0.00312
   25    19   -0.38896    0.03634
   25    20   -0.31186    0.05432
   25    21   -0.23526    0.05849
   25    22   -0.16745    0.05328
   25    23   -0.11202    0.04337
   25    24   -0.06921    0.03232
   25    25   -0.03755    0.02225
   25    26   -0.01501    0.01414
   25    27    0.00026    0.00819
   25    28    0.00970    0.00422
   25    29    0.01423    0.00184
   25    30    0.01428    0.00061
   25    31    0.00975    0.00011
   26     0    0.00707   -0.00012
   26     1    0.00864   -0.00140
   26     2    0.00648   -0.00438
   26     3    0.00174   -0.00938
   26     4   -0.00509   -0.01660
   26     5   -0.01410   -0.02627
   26     6   -0.02602   -0.03867
   26     7   -0.04218   -0.05420
   26     8   -0.06463   -0.07317
   26     9   -0.09606   -0.09560
   26    10   -0.13958   -0.12070
   26    11   -0.19799   -0.14618
   26    12   -0.27211   -0.16744
   26    13   -0.35817   -0.17744
   26    14   -0.44517   -0.16844
   26    15   -0.51558   -0.13673
   26    16   -0.55199   -0.08738
   26    17   -0.54486   -0.03099
   26    18   -0.49528    0.02039
   26    19   -0.41467    0.05617
   26    20   -0.32121    0.07127
   26    21   -0.23208    0.06924
   26    22   -0.15724    0.05741
   26    23   -0.09949    0.04230
   26    24   -0.05738    0.02801
   26    25   -0.02789    0.01649
   26    26   -0.00795    0.00824
   26    27    0.00490    0.00300
   26    28    0.01236    0.00019
   26    29    0.01547   -0.00087
   26    30    0.01463   -0.00084
   26    31    0.00972   -0.00035
   27     0    0.00714    0.00054
   27     1    0.00968    0.00091
   27     2    0.00908    0.00030
   27     3    0.00627   -0.00182
   27     4    0.00171   -0.00583
   27     5   -0.00465   -0.01216
   27     6   -0.01342   -0.02131
   27     7   -0.02589   -0.03396
   27     8   -0.04421   -0.05090
   27     9   -0.07157   -0.07284
   27    10   -0.11228   -0.09988
   27    11   -0.17134   -0.13056
   27    12   -0.25257   -0.16028
   27    13   -0.35458   -0.17989
   27    14   -0.46496   -0.17678
   27    15   -0.55841   -0.14256
   27    16   -0.60886   -0.08514
   27    17   -0.60283   -0.01892
   27    18   -0.54139    0.04090
   27    19   -0.43983    0.07971
   27    20   -0.32493    0.08944
   27    21   -0.22141    0.07814
   27    22   -0.14050    0.05785
   27    23   -0.08262    0.03715
   27    24   -0.04341    0.02017
   27    25   -0.01777    0.00809
   27    26   -0.00152    0.00058
   27    27    0.00831   -0.00325
   27    28    0.01357   -0.00442
   27    29    0.01526   -0.00386
   27    30    0.01376   -0.00240
   27    31    0.00891   -0.00084
   28     0    0.00616    0.00106
   28     1    0.00888    0.00271
   28     2    0.00921    0.00402
   28     3    0.00787    0.00436
   28     4    0.00525    0.00326
   28     5    0.00138    0.00023
   28     6   -0.00421   -0.00536
   28     7   -0.01259   -0.01435
   28     8   -0.02576   -0.02792
   28     9   -0.04708   -0.04753
   28    10   -0.08186   -0.07458
   28    11   -0.13759   -0.10934
   28    12   -0.22278   -0.14859
   28    13   -0.34167   -0.18183
   28    14   -0.48250   -0.18892
   28    15   -0.60722   -0.15058
   28    16   -0.67563   -0.08291
   28    17   -0.67089   -0.00545
   28    18   -0.59390    0.06494
   28    19   -0.46321    0.10830
   28    20   -0.31964    0.10811
   28    21   -0.20049    0.08314
   28    22   -0.11624    0.05283
   28    23   -0.06181    0.02713
   28    24   -0.02833    0.00892
   28    25   -0.00830   -0.00225
   28    26    0.00340   -0.00791
   28    27    0.00990   -0.00967
   28    28    0.01297   -0.00886
   28    29    0.01345   -0.00660
   28    30    0.01162   -0.00379
   28    31    0.00732   -0.00128
   29     0    0.00443    0.00133
   29     1    0.00672    0.00374
   29     2    0.00742    0.00631
   29     3    0.00702    0.00844
   29     4    0.00584    0.00964
   29     5    0.00397    0.00947
   29     6    0.00116    0.00738
   29     7   -0.00333    0.00251
   29     8   -0.01103   -0.00643
   29     9   -0.02491   -0.02146
   29    10   -0.05048   -0.04533
   29    11   -0.09732   -0.08098
   29    12   -0.18008   -0.12905
   29    13   -0.31425   -0.18108
   29    14   -0.49621   -0.20752
   29    15   -0.66443   -0.15939
   29    16   -0.75398   -0.07923
   29    17   -0.75068    0.00845
   29    18   -0.65515    0.09152
   29    19   -0.48299    0.14484
   29    20   -0.29977    0.12516
   29    21   -0.16613    0.08078
   29    22   -0.08449    0.04050
   29    23   -0.03871    0.01240
   29    24   -0.01403   -0.00433
   29    25   -0.00094   -0.01268
   29    26    0.00590   -0.01545
   29    27    0.00926   -0.01473
   29    28    0.01050   -0.01202
   29    29    0.01019   -0.00835
   29    30    0.00844   -0.00459
   29    31    0.00512   -0.00151
   30     0    0.00242    0.00124
   30     1    0.00389    0.00371
   30     2    0.00451    0.00666
   30     3    0.00454    0.00956
   30     4    0.00421    0.01203
   30     5    0.00364    0.01376
   30     6    0.00275    0.01439
   30     7    0.00122    0.01334
   30     8   -0.00178    0.00955
   30     9   -0.00819    0.00109
   30    10   -0.02234   -0.01546
   30    11   -0.05386   -0.04566
   30    12   -0.12268   -0.09678
   30    13   -0.26320   -0.17141
   30    14   -0.50419   -0.24020
   30    15   -0.73551   -0.16267
   30    16   -0.84347   -0.07009
   30    17   -0.84165    0.01939
   30    18   -0.73029    0.11471
   30    19   -0.49684    0.19705
   30    20   -0.25558    0.13420
   30    21   -0.11584    0.06577
   30    22   -0.04787    0.02053
   30    23   -0.01698   -0.00425
   30    24   -0.00325   -0.01579
   30    25    0.00282   -0.01962
   30    26    0.00546   -0.01914
   30    27    0.00647   -0.01635
   30    28    0.00659   -0.01246
   30    29    0.00603   -0.00825
   30    30    0.00477   -0.00435
   30    31    0.00273   -0.00136
   31     0    0.00072    0.00072
   31     1    0.00130    0.00242
   31     2    0.00157    0.00461
   31     3    0.00165    0.00693
   31     4    0.00164    0.00915
   31     5    0.00161    0.01114
   31     6    0.00159    0.01279
   31     7    0.00152    0.01390
   31     8    0.00122    0.01401
   31     9    0.00009    0.01211
   31    10   -0.00373    0.00583
   31    11   -0.01599   -0.01023
   31    12   -0.05433   -0.04803
   31    13   -0.17084   -0.13291
   31    14   -0.50495   -0.31124
   31    15   -0.83454   -0.13710
   31    16   -0.93604   -0.04674
   31    17   -0.93548    0.01943
   31    18   -0.83281    0.11161
   31    19   -0.50248    0.28914
   31    20   -0.16849    0.11477
   31    21   -0.05245    0.03355
   31    22   -0.01447   -0.00107
   31    23   -0.00239   -0.01432
   31    24    0.00134   -0.01805
   31    25    0.00241   -0.01757
   31    26    0.00263   -0.01523
   31    27    0.00258   -0.01211
   31    28    0.00239   -0.00876
   31    29    0.00207   -0.00552
   31    30    0.00156   -0.00273
   31    31    0.00078   -0.00075
